00111100000000000000000001110000
00000100000110110000000000000011
00101100000110110000000000000010
00101111101111110000000000000001
00000111110111100000000000000001
00000111110111100000000000000001
00000111110111100000000000000001
00000111110111100000000000000001
00000111110111100000000000000001
00000111110111100000000000000001
00000111110111100000000000000001
00101011101000010000000000000001
00101111101000010000000000000101
00101011101000100000000000000000
00101011101000110000000000000001
00000000010000110010000000000001
00101000100001010000000000000000
00101111101001010000000000000100
00101011101001100000000000000001
00000100110001110000000000000001
00101111101001110000000000000011
00101011101010000000000000000011
00101011101010010000000000000010
00000001000010010101000000001000
00100001010000000000000000010010
00101011101010110000000000000000
00101011101011000000000000000011
00000001011011000110100000000001
00101001101011100000000000000000
00101011101011110000000000000100
00000001110011111000000000001000
00100010000000000000000000000111
00101011101000010000000000000000
00101011101000100000000000000011
00000000001000100001100000000001
00101000011001000000000000000000
00101111101001000000000000000100
00101011101001010000000000000011
00101111101001010000000000000101
00101011101001100000000000000011
00000100110001110000000000000001
00101111101001110000000000000011
00111100000000000000000000010101
00101011101010000000000000000101
00000101000111000000000000000000
00101011101111110000000000000001
00000011111000000000000000001100
00101111101111110000000000000001
00000111110111100000000000000001
00000111110111100000000000000001
00000111110111100000000000000001
00000111110111100000000000000001
00000111110111100000000000000001
00000111110111100000000000000001
00101011101010010000000000000001
00101111101010010000000000000011
00101011101010100000000000000011
00101011101010110000000000000010
00000100000011000000000000000001
00000001011011000110000000000010
00000001010011000110100000001000
00100001101000000000000000110000
00000111110111100000000000000001
00101011101011100000000000000000
00101011101011110000000000000011
00101011101100000000000000000010
00101111110011100000000000000000
00000111110111100000000000000001
00101111110011110000000000000000
00000111110111100000000000000001
00101111110100000000000000000000
00000111110111100000000000000001
00101111110111010000000000000000
00000111110111010000000000000000
00000111110111100000000000000001
00101111101100000000000000000100
00101111101011110000000000000011
00101111101011100000000000000010
01000000000000000000000000000011
00000111101111100000000000000000
00101011101111010000000000000000
00000111110111101111111111111111
00101011110100000000000000000000
00000111110111101111111111111111
00101011110011110000000000000000
00000111110111101111111111111111
00101011110011100000000000000000
00101111101111000000000000000100
00101011101000010000000000000000
00101011101000100000000000000100
00000000001000100001100000000001
00101000011001000000000000000000
00101111101001000000000000000101
00101011101001010000000000000000
00101011101001100000000000000100
00000000101001100011100000000001
00101011101010000000000000000000
00101011101010010000000000000011
00000001000010010101000000000001
00101001010010110000000000000000
00101100111010110000000000000000
00101011101011000000000000000000
00101011101011010000000000000011
00000001100011010111000000000001
00101011101011110000000000000101
00101101110011110000000000000000
00101011101100000000000000000011
00000110000000010000000000000001
00101111101000010000000000000011
00111100000000000000000000111000
00101011101111110000000000000001
00000011111000000000000000001100
00000111110111100000000000000001
00000100000110110000000000000000
00101111101110110000000000000010
00101011101000100000000000000010
00110100010000110000000000001010
00100000011000000000000000001001
00101000000001000000000000000010
00101011101001010000000000000010
00000000100001010011000000000001
01001111100000000000000000010111
00101100110111000000000000000000
00101011101001110000000000000010
00000100111010000000000000000001
00101111101010000000000000000010
00111100000000000000000001110011
00101000000010010000000000000010
00101111110010010000000000000000
00000111110111100000000000000001
00101111110111010000000000000000
00000111110111010000000000000000
00000111110111100000000000000001
00000100000110110000000000001010
00101111101110110000000000000100
00000100000110110000000000000000
00101111101110110000000000000011
00101111101010010000000000000010
01000000000000000000000000101111
00000111101111100000000000000000
00101011101111010000000000000000
00000111110111101111111111111111
00101011110010010000000000000000
00000100000110110000000000000000
00101111101110110000000000000010
00101011101010100000000000000010
00110101010010110000000000001010
00100001011000000000000000001001
00101000000011000000000000000010
00101011101011010000000000000010
00000001100011010111000000000001
00101001110011110000000000000000
01010001111000000000000000000000
00101011101100000000000000000010
00000110000000010000000000000001
00101111101000010000000000000010
00111100000000000000000010010001
