00111100000000000000000000001110
00101111101111110000000000000001
00000111110111100000000000000001
00000111110111100000000000000001
00000111110111100000000000000001
00000111110111100000000000000001
00101011101000010000000000000010
00101011101000100000000000000011
00000000001000100001100000000001
00101111101000110000000000000100
00101011101001000000000000000100
00000100100111000000000000000001
00101011101111110000000000000001
00000011111000000000000000001100
00000111110111100000000000000001
00000100000110110000000000000000
00101111101110110000000000000010
01001111100000000000000000010111
00101111101111000000000000000010
00101011101001010000000000000010
00101111110001010000000000000000
00000111110111100000000000000001
00101111110111010000000000000000
00000111110111010000000000000000
00000111110111100000000000000001
00000100000110110000000000001010
00101111101110110000000000000011
00101111101001010000000000000010
01000000000000000000000000000001
00000111101111100000000000000000
00101011101111010000000000000000
00000111110111101111111111111111
00101011110001010000000000000000
00101111101111000000000000000010
00101011101001100000000000000010
01010000110000000000000000000000
